<?xml version="1.0" encoding="UTF-8"?>
<map version="1.0" tiledversion="1.0.3" orientation="orthogonal" renderorder="right-down" width="100" height="100" tilewidth="32" tileheight="32" nextobjectid="1">
 <tileset firstgid="1" source="../../../../../untitled.tsx"/>
 <layer name="Mapa" width="100" height="100">
  <data encoding="csv">
965,960,957,957,956,828,828,828,965,960,962,967,955,963,963,967,962,967,960,956,957,957,955,967,955,964,961,961,956,962,965,960,964,961,956,956,956,963,963,961,962,959,966,962,964,960,961,960,967,963,956,963,956,965,957,965,967,960,957,955,961,957,962,957,967,957,960,964,966,964,961,965,967,966,957,967,962,962,960,965,956,964,965,963,959,967,959,965,961,964,959,961,966,957,960,957,967,966,963,963,
963,963,955,959,962,830,829,829,955,967,959,962,963,956,965,960,955,965,956,964,956,962,964,967,967,966,966,959,960,956,955,963,966,955,964,965,962,960,956,955,957,956,961,961,965,960,956,967,965,967,967,964,956,960,962,962,965,961,965,961,960,956,960,965,962,962,967,964,967,955,956,962,964,966,963,961,959,960,965,965,961,966,965,966,962,959,957,960,955,964,966,955,959,960,957,966,962,960,963,966,
964,967,962,956,959,828,829,830,962,967,955,967,956,957,955,964,966,956,955,967,962,956,961,955,957,966,965,961,956,960,955,956,959,962,957,956,962,965,961,962,962,962,966,966,966,965,957,961,966,965,967,963,963,962,961,960,967,965,965,965,962,964,956,956,963,959,964,963,956,961,961,967,962,957,960,957,966,966,966,964,955,966,960,957,962,957,967,962,956,956,967,962,962,955,960,965,955,957,957,956,
961,963,960,955,962,829,829,830,964,955,961,961,955,963,963,955,964,955,955,955,960,959,955,962,957,957,961,963,967,960,959,962,955,961,957,961,963,965,964,955,960,964,961,956,959,959,959,957,965,965,962,961,966,965,966,960,962,966,963,967,957,967,960,964,964,960,962,960,956,960,956,966,961,959,956,962,964,966,963,963,967,962,961,963,957,960,962,959,963,964,966,963,967,957,967,965,967,959,960,963,
961,964,956,962,956,829,829,830,959,955,963,957,964,963,959,960,964,960,957,960,957,963,964,959,957,966,960,961,963,962,964,963,957,960,959,965,955,962,962,963,955,965,961,965,962,965,959,957,955,959,957,961,967,966,955,960,963,960,957,967,957,964,959,955,961,966,964,960,959,962,962,964,956,955,962,966,963,962,959,962,960,962,961,966,956,965,966,963,960,957,957,963,955,957,965,965,964,959,961,966,
957,966,956,962,960,829,828,828,955,959,956,959,956,965,959,960,962,961,961,964,966,959,966,957,965,963,956,964,955,965,962,964,966,957,965,959,966,956,959,962,956,956,962,966,964,959,955,967,964,955,957,964,966,965,967,959,966,965,956,960,966,966,956,959,959,963,964,956,967,956,965,959,955,964,955,959,966,960,965,959,962,957,966,963,955,963,966,963,966,955,963,967,965,957,955,965,959,955,955,966,
967,955,959,960,965,829,829,829,965,960,955,962,959,965,966,956,961,960,961,962,965,964,964,961,961,956,964,961,963,961,955,963,966,955,966,960,965,963,955,966,961,967,955,959,960,965,957,967,955,965,961,956,967,967,963,959,959,965,966,965,967,956,965,963,962,961,965,964,965,955,957,966,963,956,960,962,960,966,967,962,959,959,965,957,960,959,956,960,959,962,962,961,955,965,966,962,957,960,957,966,
966,959,966,967,960,828,830,828,967,962,955,955,956,964,965,964,961,959,959,966,962,955,959,956,967,963,966,967,964,959,956,957,964,960,966,963,955,960,966,961,963,965,960,959,961,965,962,962,966,961,956,961,964,960,957,960,963,955,961,959,967,963,956,955,963,963,959,967,965,960,957,961,956,959,961,962,964,967,965,966,959,961,967,957,960,962,956,955,963,959,962,967,962,965,959,965,961,956,955,955,
965,961,964,957,961,830,828,828,963,962,965,957,963,966,959,961,957,957,956,957,957,963,965,965,966,966,957,963,963,963,962,960,957,959,955,955,959,967,966,963,962,955,967,961,962,963,959,961,961,963,965,962,959,967,961,955,957,967,962,955,966,960,960,959,967,965,964,964,963,960,964,955,960,966,961,961,956,965,959,967,961,955,965,966,961,963,955,955,960,956,963,963,955,965,955,960,955,960,966,960,
957,962,967,959,959,828,829,830,955,962,967,956,966,962,956,965,959,963,967,964,967,965,966,963,956,966,962,959,961,964,964,957,961,962,957,962,956,964,955,957,961,966,963,965,960,964,963,961,963,955,966,963,963,965,957,962,957,957,967,955,967,963,965,961,967,966,956,963,962,965,967,962,955,965,961,967,957,960,960,963,956,962,964,964,960,955,955,966,966,963,962,966,956,960,961,963,955,960,963,967,
961,956,959,962,965,829,828,830,829,955,957,959,959,962,962,960,966,964,964,959,960,960,962,965,965,963,967,965,962,962,961,960,964,956,957,962,955,959,967,967,959,957,957,962,964,965,967,963,962,964,966,966,955,961,963,966,955,963,963,963,957,955,955,966,957,957,961,957,961,960,956,965,962,960,960,959,957,959,966,964,967,965,963,955,959,959,966,960,967,961,967,956,962,967,955,965,957,961,967,964,
960,957,957,967,962,830,828,830,829,828,830,829,829,829,828,830,828,828,829,830,829,828,828,830,830,830,830,830,828,830,966,955,961,961,961,965,964,963,956,963,960,956,961,955,956,964,959,967,955,959,961,955,960,955,967,960,965,956,966,964,965,965,965,959,957,959,956,967,966,957,963,959,959,955,959,960,965,963,960,966,966,965,966,959,966,965,963,963,967,962,960,965,960,957,955,962,961,957,962,960,
961,956,960,957,955,964,830,828,829,828,830,830,830,828,830,828,829,830,830,830,828,830,829,828,828,830,830,829,828,830,828,960,956,963,964,957,966,956,955,961,962,966,960,959,964,963,957,962,959,965,961,965,957,957,956,960,959,964,966,961,959,957,966,960,966,963,963,964,965,963,957,959,961,962,962,957,957,965,964,961,962,956,959,965,960,961,957,964,956,955,957,960,959,956,965,956,964,961,966,961,
961,959,967,962,959,961,956,830,829,828,829,830,828,829,830,829,829,829,828,829,829,828,830,828,830,830,830,830,829,829,828,829,956,956,964,963,964,959,965,966,955,961,959,963,963,963,960,955,955,963,965,957,964,967,963,955,955,960,956,965,966,955,959,967,957,967,962,966,959,960,964,959,966,955,967,961,964,960,962,964,967,959,966,963,959,961,963,960,966,965,956,964,966,961,964,955,960,959,966,963,
964,960,959,967,967,957,956,962,961,964,963,966,962,955,959,965,966,965,959,967,957,962,955,966,967,959,965,961,963,829,830,830,829,963,967,966,962,956,956,955,961,965,959,963,966,965,956,963,966,966,959,957,956,960,955,966,960,962,955,960,965,964,959,962,965,956,955,964,962,959,964,965,956,955,965,963,955,966,959,956,957,956,957,967,962,963,955,960,957,959,965,966,964,957,957,955,957,965,967,961,
959,957,963,965,956,964,960,960,964,965,963,961,965,956,959,961,963,960,960,965,961,956,960,967,967,955,964,965,966,962,830,829,829,963,960,967,959,965,964,957,962,957,967,963,964,961,962,955,957,962,956,955,962,963,965,966,961,965,957,963,966,955,956,964,955,959,959,964,960,965,963,955,965,962,967,964,966,956,961,965,961,967,964,964,967,956,960,963,964,964,967,960,960,964,963,955,957,960,959,965,
962,965,959,960,960,960,955,955,957,965,961,966,959,963,962,964,956,961,955,959,959,957,963,967,962,957,960,962,955,962,828,830,830,967,957,966,959,957,965,966,967,964,962,960,965,956,955,966,967,961,966,957,967,965,955,962,960,965,956,966,959,955,962,962,964,964,960,956,962,957,966,965,965,966,965,966,955,966,961,955,964,963,964,962,960,962,962,955,956,967,967,962,964,957,956,961,955,962,963,964,
959,960,963,956,965,959,963,964,957,966,963,960,965,966,966,957,956,956,961,966,967,964,960,967,960,963,966,961,956,960,828,828,830,961,962,956,964,961,956,959,959,956,962,960,965,964,966,957,959,964,960,957,955,960,961,964,963,962,966,961,959,955,955,964,963,961,955,957,956,967,961,956,959,963,967,962,965,964,957,967,956,956,956,961,963,959,964,956,964,963,959,960,964,959,956,955,965,962,956,962,
964,964,962,956,965,963,962,966,964,962,955,966,955,967,967,963,960,957,963,957,967,966,957,966,955,962,959,964,966,955,829,828,830,964,956,961,955,956,957,964,964,966,961,964,967,965,964,963,963,960,966,966,964,967,962,957,964,966,962,955,963,963,963,963,961,962,960,965,955,961,955,955,967,964,967,956,967,960,955,965,967,965,960,966,966,959,961,965,957,960,959,955,961,960,959,960,963,956,962,967,
966,966,957,967,967,964,963,959,959,955,960,965,961,956,963,964,960,960,956,962,957,962,960,956,957,965,967,956,962,956,828,828,830,966,957,962,957,956,961,967,960,965,963,963,962,965,966,960,964,961,963,967,962,961,960,960,957,962,955,961,962,964,960,956,965,960,967,965,957,963,961,956,962,967,959,967,956,966,956,967,965,963,956,962,956,962,959,961,967,966,957,955,961,960,961,964,956,967,955,967,
959,963,967,956,961,967,964,960,961,957,965,963,956,965,966,957,960,962,965,965,967,955,961,963,966,955,962,955,966,955,830,828,830,955,967,955,961,967,960,957,957,963,959,967,957,960,965,962,966,960,963,966,959,967,962,960,961,962,966,957,957,961,956,957,961,956,957,967,955,963,956,957,957,961,957,961,965,955,967,964,960,963,962,964,962,955,956,955,963,967,959,966,961,961,955,967,962,959,1236,1236,
963,962,959,962,957,956,957,966,967,957,961,955,967,957,966,956,957,967,960,964,956,963,962,962,963,962,962,961,963,962,828,828,828,966,963,967,955,966,956,961,956,962,959,956,962,967,962,957,962,959,964,962,960,965,956,960,955,967,965,961,955,964,955,960,963,963,959,964,961,961,957,962,967,962,964,962,961,959,964,967,962,961,962,966,957,964,957,957,963,955,964,964,965,964,1236,1236,1236,1236,1236,1236,
955,964,964,956,964,959,959,956,957,959,967,955,955,959,960,959,967,955,959,956,963,961,960,964,963,965,963,956,955,963,828,830,830,955,961,960,960,956,965,965,960,960,965,966,955,959,960,960,967,960,966,960,966,965,962,962,955,965,957,955,962,967,965,959,955,957,963,960,960,960,956,964,965,966,963,966,957,967,1236,1236,1236,1236,1236,1236,1236,1236,1236,1236,1236,1236,1236,1236,1236,1236,1236,1236,1236,1236,1236,1236,
961,961,962,964,955,957,963,961,956,967,959,967,961,966,964,964,961,957,964,960,964,962,955,957,964,964,961,959,963,957,828,830,830,957,956,959,955,962,957,966,955,965,966,966,955,966,960,967,964,963,967,966,959,959,959,964,961,955,961,960,963,959,962,963,961,964,967,962,957,956,960,959,967,959,956,1236,1236,1236,1236,1236,1236,1236,1236,1236,1236,1236,1236,1236,1236,1236,1236,1236,1236,1236,1236,1236,1236,1236,1236,1236,
956,965,963,964,966,967,959,963,959,962,956,965,963,963,964,957,962,960,967,955,962,961,955,964,967,961,962,961,959,959,830,830,828,967,957,962,966,966,957,965,965,961,956,955,956,963,955,962,955,964,965,962,959,959,959,957,965,961,960,957,965,959,962,966,957,964,960,956,962,963,967,1236,1236,1236,1236,1236,1236,1236,1236,1236,1236,1236,1236,1236,1236,1236,1236,1236,1236,1236,1236,1236,1236,1236,1236,1236,1236,1236,1236,1236,
962,963,959,966,955,963,964,961,959,960,956,965,961,956,964,967,962,964,961,962,963,965,964,966,959,965,957,959,960,956,829,830,828,960,955,955,960,956,964,961,963,964,956,961,959,961,964,962,963,962,955,967,965,965,959,959,964,961,967,956,962,962,964,961,966,964,962,1236,1236,1236,1236,1236,1236,1236,1236,1236,1236,1236,1236,1236,1236,1236,1236,1236,1236,1236,1236,1236,1236,1236,1236,1236,1236,1236,1236,1236,1236,1236,1236,1236,
964,955,959,964,961,961,955,967,965,966,967,966,965,962,964,961,963,959,964,955,965,959,960,966,960,960,960,955,963,1120,830,829,828,1120,959,965,957,965,961,967,967,966,957,960,963,965,967,956,965,967,967,963,1236,1236,1236,1236,1236,1236,1236,1236,1236,1236,1236,1236,1236,1236,1236,1236,1236,1236,1236,1236,1236,1236,1236,1236,1236,1236,1236,1236,1236,1236,1236,1236,1236,1236,1236,1236,1236,1236,1236,1236,1236,1236,1236,1236,1236,1236,1236,1236,
964,959,961,959,955,964,957,964,959,960,966,960,965,962,964,965,965,959,956,957,965,955,961,966,966,959,963,966,1120,1120,830,829,828,1120,1120,957,957,959,964,957,960,959,964,955,964,963,1236,1236,1236,1236,1236,1236,1236,1236,1236,1236,1236,1236,1236,1236,1236,1236,1236,1236,1236,1236,1236,1236,1236,1236,1236,1236,1236,1236,1236,1236,1236,1236,1236,1236,1236,1236,1236,1236,1236,1236,1236,1236,1236,1236,1236,1236,1236,1236,1236,1236,1236,1236,1236,1236,
957,965,955,967,959,966,962,965,956,963,960,956,959,956,963,961,955,959,962,956,966,955,964,964,957,964,964,960,1120,1120,829,830,828,1120,1120,1236,1236,1236,1236,1236,1236,1236,1236,1236,1236,1236,1236,1236,1236,1236,1236,1236,1236,1236,1236,1236,1236,1236,1236,1236,1236,1236,1236,1236,1236,1236,1236,1236,1236,1236,1236,1236,1236,1236,1236,1236,1236,1236,1236,1236,1236,1236,1236,1236,1236,1236,1236,1236,1236,1236,1236,1236,1236,1236,1236,1236,1236,1236,1236,1236,
955,960,962,964,967,959,957,1236,1236,1236,1236,1236,1236,1236,1236,1236,1236,1236,1236,1236,1236,1236,1236,1236,1236,1236,1236,1236,1120,1120,828,830,830,1120,1120,1236,1236,1236,1236,1236,1236,1236,1236,1236,1236,1236,1236,1236,1236,1236,1236,1236,1236,1236,1236,1236,1236,1236,1236,1236,1236,1236,1236,1236,1236,1236,1236,1236,1236,1236,1236,1236,1236,1236,1236,1236,1236,1236,1236,1236,1236,1236,1236,1236,1236,1236,1236,1236,1236,1236,1236,1236,1236,1236,1236,1236,1236,1236,1236,1236,
965,960,1236,1236,1236,1236,1236,1236,1236,1236,1236,1236,1236,1236,1236,1236,1236,1236,1236,1236,1236,1236,1236,1236,1236,1236,1236,1236,1120,1120,828,830,830,1120,1120,1236,1236,1236,1236,1236,1236,1236,1236,1236,1236,1236,1236,1236,1236,1236,1236,1236,1236,1236,1236,1236,1236,1236,1236,1236,1236,1236,1236,1236,1236,1236,1236,1236,1236,1236,1236,1236,1236,1236,1236,1236,1236,1236,1236,1236,1236,1236,1236,1236,1236,1236,1236,1236,1236,1236,1236,1236,1236,1236,959,959,961,955,960,966,
1236,1236,1236,1236,1236,1236,1236,1236,1236,1236,1236,1236,1236,1236,1236,1236,1236,1236,1236,1236,1236,1236,1236,1236,1236,1236,1236,1236,1120,1120,830,830,830,1120,1120,1236,1236,1236,1236,1236,1236,1236,1236,1236,1236,1236,1236,1236,1236,1236,1236,1236,1236,1236,1236,1236,1236,1236,1236,1236,1236,1236,1236,1236,1236,1236,1236,1236,1236,1236,1236,1236,1236,1236,1236,1236,1236,1236,1236,1236,1236,1236,1236,1236,1236,1236,1236,1236,966,967,962,963,963,963,955,966,956,967,964,964,
1236,1236,1236,1236,1236,1236,1236,1236,1236,1236,1236,1236,1236,1236,1236,1236,1236,1236,1236,1236,1236,1236,1236,1236,1236,1236,1236,1236,1120,1120,828,830,830,1120,1120,1236,1236,1236,1236,1236,1236,1236,1236,1236,1236,1236,1236,1236,1236,1236,1236,1236,1236,1236,1236,1236,1236,1236,1236,1236,1236,1236,1236,1236,1236,1236,1236,1236,1236,1236,1236,1236,1236,1236,1236,1236,1236,1236,1236,1236,1236,1236,1236,1236,1236,956,964,966,963,964,957,956,959,964,961,962,959,967,965,962,
1236,1236,1236,1236,1236,1236,1236,1236,1236,1236,1236,1236,1236,1236,1236,1236,1236,1236,1236,1236,1236,1236,1236,1236,1236,1236,1236,1236,1120,1120,830,830,828,1120,1120,1236,1236,1236,1236,1236,1236,1236,1236,1236,1236,1236,1236,1236,1236,1236,1236,1236,1236,1236,1236,1236,1236,1236,1236,1236,1236,1236,1236,1236,1236,1236,1236,1236,1236,1236,1236,1236,1236,1236,1236,1236,1236,1236,1236,960,966,967,959,965,966,965,960,961,960,961,960,961,960,955,957,961,965,955,956,961,
1236,1236,1236,1236,1236,1236,1236,1236,1236,1236,1236,1236,1236,1236,1236,1236,1236,1236,1236,1236,1236,1236,1236,1236,1236,1236,1236,1236,1120,1120,830,829,828,1120,1120,1236,1236,1236,1236,1236,1236,1236,1236,1236,1236,1236,1236,1236,1236,1236,1236,1236,1236,1236,1236,1236,1236,1236,1236,1236,1236,1236,1236,1236,1236,959,957,965,967,964,959,957,963,956,965,967,967,964,957,964,962,955,956,955,960,962,960,966,966,961,956,960,957,957,961,964,961,964,961,960,
1236,1236,1236,1236,1236,1236,1236,1236,1236,1236,1236,1236,1236,1236,1236,1236,1236,1236,1236,1236,1236,1236,1236,1236,1236,1236,1236,1236,1120,1120,828,828,829,1120,1120,1236,1236,1236,1236,1236,1236,1236,1236,1236,1236,1236,1236,1236,1236,1236,1236,1236,1236,1236,1236,1236,1236,1236,1236,960,965,962,967,967,960,967,967,955,957,963,962,957,965,963,963,959,955,962,956,961,963,961,964,965,967,960,957,963,966,963,955,963,957,967,963,962,967,962,962,956,
1236,1236,1236,1236,1236,1236,1236,1236,1236,1236,1236,1236,1236,1236,1236,1236,1236,1236,1236,1236,1236,1236,1236,1236,1236,1236,1236,1236,1120,1120,829,830,829,1120,1120,1236,1236,1236,1236,1236,1236,1236,1236,1236,1236,1236,1236,1236,1193,1193,1193,1193,1193,957,956,960,967,964,967,957,964,962,959,956,956,965,965,967,965,957,956,960,955,964,961,964,966,960,959,961,959,965,967,961,967,955,966,966,964,966,955,960,960,960,962,961,957,960,960,967,
1236,1236,1236,1236,1236,1236,1236,1236,1236,1236,963,962,960,963,959,965,960,957,957,964,963,962,961,962,955,961,963,966,1120,1120,829,830,830,1120,1120,967,962,955,956,962,966,956,957,960,960,955,960,967,1193,1193,1193,1193,1193,960,960,964,961,964,955,965,959,962,955,964,967,967,959,961,960,967,965,957,959,967,960,967,963,966,961,957,966,967,965,965,959,956,961,964,966,962,962,957,955,962,966,967,962,957,961,967,
1236,1236,1236,1236,956,959,956,961,959,961,961,966,960,966,956,959,965,967,955,956,956,962,966,955,955,960,957,956,967,1120,830,828,828,1120,965,967,959,965,955,965,955,966,963,956,965,962,960,960,1193,1193,1005,1193,1193,956,955,962,960,962,961,961,965,962,967,955,955,960,967,960,959,955,964,956,967,965,957,955,959,955,955,960,961,959,961,960,961,962,966,965,956,959,959,966,966,957,967,966,962,966,957,966,
1236,1236,967,967,967,966,964,957,967,955,957,955,960,964,960,966,955,965,960,967,962,962,959,965,961,956,955,960,955,963,829,829,828,956,966,959,955,965,965,955,966,959,966,955,962,959,960,962,964,830,828,959,959,961,957,957,960,956,966,962,956,967,965,957,959,961,962,956,962,960,962,962,967,956,966,965,962,955,965,967,955,960,957,959,965,961,962,957,962,961,965,964,960,962,966,963,955,961,965,963,
965,960,956,964,961,955,961,955,955,959,967,955,963,956,960,961,962,966,964,956,959,961,965,964,955,964,960,956,956,956,830,828,829,959,960,963,963,956,964,960,957,962,967,959,959,828,829,828,830,829,828,964,966,962,966,963,955,966,956,955,967,960,967,955,955,956,960,961,964,959,956,965,963,963,963,959,964,960,963,965,961,965,961,960,959,960,955,960,959,956,960,957,961,959,957,961,961,963,967,956,
967,956,966,962,964,962,966,960,966,962,957,960,959,964,964,963,955,964,967,960,966,960,962,959,964,965,965,956,961,964,828,830,828,829,830,830,828,828,828,828,830,830,828,830,828,829,829,828,829,829,957,961,966,956,967,962,963,966,967,962,960,956,966,964,965,962,960,966,959,959,957,956,963,965,961,959,963,957,961,956,967,963,962,965,964,962,960,960,960,959,966,965,961,964,961,959,959,965,957,963,
956,960,964,965,957,957,956,965,960,962,967,960,957,961,956,967,967,961,960,960,965,957,956,959,967,963,962,959,961,964,830,830,829,830,828,829,829,829,829,830,830,829,829,830,828,828,829,966,963,956,963,961,959,965,962,956,957,956,956,962,960,962,964,959,962,956,963,966,967,966,955,957,966,963,965,957,956,962,956,964,964,964,956,967,962,964,956,964,965,959,959,957,965,967,962,960,956,956,957,955,
955,959,957,966,959,955,961,957,961,967,961,967,966,960,967,967,959,961,955,965,965,959,959,959,957,957,960,965,963,964,828,829,828,965,960,965,959,965,966,966,955,956,956,965,956,964,955,960,965,959,955,957,963,963,966,966,961,967,956,955,964,957,955,962,967,956,957,964,955,967,964,963,965,959,957,957,964,962,963,967,959,960,956,967,964,965,957,963,963,957,961,955,965,962,963,959,963,957,964,966,
959,961,955,962,962,967,960,959,960,964,960,967,965,962,966,962,955,964,964,961,964,963,955,966,957,967,960,967,962,962,829,828,830,956,956,963,957,962,967,962,957,964,956,956,966,961,956,963,964,965,960,959,962,964,965,961,963,960,962,960,962,964,965,956,960,961,961,964,959,955,961,963,964,962,955,960,965,964,965,957,961,962,966,957,963,956,960,956,965,964,960,956,955,962,960,965,961,957,956,961,
959,962,963,965,966,960,965,955,961,956,956,965,957,964,956,961,955,965,966,956,963,957,955,966,964,959,960,955,959,967,829,830,830,956,965,966,965,959,961,956,962,962,966,960,959,964,960,960,955,967,962,956,956,960,961,967,957,961,962,961,966,957,961,960,961,966,967,966,966,960,961,962,956,965,961,956,956,966,962,959,957,961,964,963,960,967,961,966,966,956,960,963,962,956,956,959,960,961,960,956,
967,961,959,956,961,966,964,959,966,956,966,966,959,959,965,960,959,961,960,959,966,956,956,963,961,962,963,967,955,962,829,829,829,960,956,963,963,963,957,964,967,967,957,966,959,961,956,956,966,964,965,962,963,965,962,962,959,966,962,955,965,959,965,965,955,964,957,965,957,963,964,962,961,966,967,961,966,965,959,962,966,960,961,960,966,965,967,961,966,966,956,957,959,962,961,966,959,962,960,955,
966,957,960,955,963,961,966,957,964,955,964,964,956,962,963,956,966,959,965,956,960,955,964,962,957,966,963,967,967,962,829,828,829,963,964,964,960,956,957,955,957,957,960,965,955,962,955,955,966,960,956,955,967,955,960,957,960,966,956,965,955,955,959,965,956,962,965,956,964,964,964,964,956,957,964,966,965,956,963,966,957,964,959,965,961,959,967,957,956,965,956,965,960,964,960,959,966,967,963,964,
955,960,967,959,962,957,964,961,959,956,962,966,959,961,959,957,957,959,967,967,962,959,963,956,964,957,955,960,964,967,829,828,828,961,964,967,962,956,957,960,955,963,961,966,956,956,964,956,961,960,963,955,964,962,962,960,963,960,964,967,961,964,960,963,966,959,960,964,965,957,959,966,963,959,963,967,963,955,964,956,965,964,966,955,956,963,966,966,960,967,957,964,966,964,963,960,961,964,964,962,
956,964,957,962,965,967,957,956,963,960,965,955,957,957,956,964,956,966,963,965,959,960,967,965,962,956,956,961,963,961,829,828,828,960,963,967,965,957,966,959,957,963,957,965,961,960,960,962,967,965,963,957,961,959,957,959,966,960,966,967,960,960,962,955,965,961,957,962,960,961,967,957,957,961,961,960,965,957,956,959,957,966,960,964,960,956,965,959,965,959,967,956,961,965,964,961,964,960,963,962,
955,962,957,959,967,961,961,964,963,959,961,965,966,959,964,963,961,960,963,960,956,957,956,963,967,961,965,966,962,962,828,830,830,963,959,960,956,966,962,957,960,959,962,955,961,960,955,963,966,961,967,961,955,955,959,959,964,956,962,963,957,965,960,965,961,959,967,963,962,966,961,961,965,967,965,956,962,967,960,967,965,963,961,961,964,955,961,962,956,955,959,963,962,961,965,967,957,959,961,964,
963,962,967,964,961,962,959,963,967,963,965,955,965,959,963,963,962,961,956,959,961,959,957,960,960,959,965,962,964,959,829,830,830,956,963,960,957,955,965,962,959,955,961,962,962,967,965,959,956,961,956,960,959,963,957,966,957,964,960,960,957,963,965,959,959,966,959,967,956,966,956,955,967,957,957,957,957,967,959,957,961,966,964,965,967,964,967,961,957,965,963,964,956,961,961,956,956,956,957,959,
957,961,960,957,967,962,967,956,965,962,960,961,967,959,959,967,957,962,965,963,967,957,959,956,962,966,963,963,964,967,830,830,829,955,956,960,960,957,963,962,955,967,960,961,964,957,966,967,960,960,963,967,956,962,963,963,955,964,964,960,957,959,966,960,960,961,955,967,963,955,960,964,956,963,963,965,959,962,967,962,960,957,962,963,964,966,957,961,963,963,965,961,961,966,957,957,961,965,960,967,
964,961,959,965,957,964,960,957,956,967,956,955,960,955,963,967,957,967,956,964,965,962,959,966,955,956,965,959,960,960,829,829,828,957,965,967,960,957,963,955,966,961,967,959,967,960,962,955,967,956,965,966,967,962,959,959,967,960,959,965,965,961,963,963,966,956,961,967,962,961,955,959,959,960,963,955,960,956,967,967,957,963,959,956,957,962,956,963,962,963,960,964,965,956,959,961,955,959,964,967,
959,955,962,957,961,957,964,957,957,957,965,963,963,960,960,967,956,956,964,964,963,962,963,964,962,964,957,966,962,966,830,828,829,965,967,961,966,961,955,963,955,962,964,962,955,962,960,959,967,965,957,966,960,967,962,961,961,963,963,955,962,967,967,967,956,957,962,966,960,966,957,967,955,957,956,961,961,957,962,956,965,955,956,964,963,961,967,957,957,959,965,962,964,956,963,962,962,957,959,960,
967,966,963,964,960,964,967,963,965,964,957,955,960,965,957,957,961,961,967,957,964,966,957,960,965,955,957,962,960,962,828,829,828,965,955,961,961,962,955,964,964,961,961,961,955,963,962,956,957,959,955,959,964,961,965,956,963,960,964,956,967,964,956,963,959,965,960,961,963,967,955,964,962,960,965,961,967,960,959,955,959,965,966,966,957,961,966,959,965,955,960,955,957,960,963,956,963,955,965,964,
966,963,967,959,961,962,963,967,962,956,957,955,961,956,967,967,966,966,959,964,966,959,955,961,959,967,965,960,956,964,828,828,829,963,956,957,956,957,967,959,962,962,965,964,966,964,961,960,961,956,964,955,964,960,957,965,957,964,957,957,955,959,960,956,961,965,960,955,967,960,962,965,959,964,966,961,967,956,959,955,956,963,961,965,961,964,960,956,964,957,967,959,957,965,956,963,960,965,965,959,
962,964,955,959,966,960,963,962,956,959,967,960,964,964,963,962,961,962,967,962,963,963,956,957,1193,1193,1193,1193,959,828,829,830,829,829,829,828,1193,1193,1193,1193,1193,1193,1193,960,956,959,964,965,962,959,961,963,962,960,967,957,966,956,962,966,961,959,963,956,965,955,964,965,963,959,961,964,961,964,956,962,955,966,960,963,956,965,957,964,957,957,967,955,959,961,967,965,964,962,967,962,962,963,959,957,
966,964,967,960,961,955,966,961,967,957,955,955,955,959,965,959,961,964,959,965,956,957,963,966,1193,1005,1193,1193,830,830,828,829,830,830,828,830,1193,1193,1193,1193,1005,1193,1193,964,962,960,959,956,964,961,955,960,961,960,966,962,959,959,961,962,960,961,963,964,957,966,956,967,957,967,955,960,962,967,956,955,960,961,957,955,967,957,961,960,963,959,966,966,963,959,961,955,965,955,964,955,966,966,967,955,
965,955,961,960,967,963,960,960,955,963,961,967,966,966,960,962,957,957,960,966,962,966,829,828,828,829,828,830,830,829,830,829,828,828,829,829,829,828,829,828,830,828,829,967,959,966,963,960,965,961,959,966,959,959,960,963,959,967,955,963,967,964,956,967,962,967,959,955,957,962,961,956,955,959,955,960,957,964,964,955,957,955,966,961,960,957,956,963,956,956,959,956,965,960,956,960,960,961,961,963,
967,966,964,955,957,965,961,961,961,957,961,963,957,959,956,962,962,957,957,964,829,828,829,829,828,828,828,828,828,828,830,829,829,828,829,828,830,830,828,828,830,829,830,829,828,959,962,966,956,967,967,962,959,960,967,967,960,966,963,961,956,961,966,962,966,955,955,962,957,959,963,965,966,965,955,962,956,962,960,957,961,959,965,965,964,964,964,956,963,960,962,964,965,960,959,963,961,959,956,964,
963,964,962,961,962,962,967,963,955,960,966,962,964,963,959,960,960,967,962,830,830,828,830,828,830,829,828,828,828,829,828,828,829,828,829,828,830,828,829,828,829,828,828,829,829,828,967,959,955,964,955,961,967,964,966,959,966,963,966,963,956,960,956,963,960,964,964,964,962,957,960,957,961,965,962,960,959,962,964,959,959,965,965,957,962,964,962,960,959,960,955,960,964,956,955,955,966,964,965,961,
966,956,963,959,966,957,964,957,965,961,962,955,957,959,957,964,967,828,828,829,828,828,829,829,830,829,828,829,830,828,829,828,829,830,829,829,829,830,828,829,828,829,830,829,829,829,830,965,956,959,956,957,964,966,960,964,967,957,961,965,964,959,966,960,963,965,962,960,967,960,965,961,960,955,965,963,964,965,960,966,956,962,955,965,961,960,962,960,963,967,957,959,959,955,964,966,966,959,959,966,
963,955,960,967,955,956,962,965,967,966,964,955,961,964,965,966,956,829,829,828,828,830,829,829,828,829,828,828,830,830,829,828,828,830,828,830,829,829,829,830,830,830,829,830,829,830,829,828,959,959,965,959,961,955,962,961,965,961,960,955,964,957,963,964,962,962,965,963,956,963,963,967,959,963,961,967,961,959,956,965,962,966,955,967,967,963,961,964,955,966,964,964,955,959,961,962,966,959,957,967,
966,965,967,956,961,960,956,966,963,957,963,957,956,963,957,955,829,828,829,830,830,830,829,828,828,829,828,828,829,830,828,829,830,829,828,828,830,830,828,830,830,829,829,828,829,828,829,830,957,963,965,959,961,961,967,962,965,961,956,964,964,959,963,962,956,962,964,962,967,965,960,963,955,955,965,956,964,967,957,966,963,967,957,956,961,956,963,959,963,964,967,960,955,963,967,956,957,963,964,956,
960,964,956,963,961,964,965,956,955,962,961,955,955,962,962,828,830,830,830,829,830,828,829,829,828,830,828,830,829,830,828,830,830,830,829,828,829,829,828,828,830,829,828,830,828,830,830,828,828,960,960,960,962,960,965,955,967,966,966,965,966,964,964,957,963,959,963,962,964,957,967,956,960,967,960,962,962,957,962,962,955,956,962,966,962,965,960,960,966,967,955,962,964,965,959,961,957,967,959,955,
956,961,961,965,965,955,966,959,964,964,961,961,967,957,959,830,830,828,830,828,828,828,830,830,829,828,829,830,828,830,828,830,829,830,829,829,828,828,828,828,830,830,828,830,830,828,829,830,830,967,955,962,955,967,955,963,956,955,960,959,965,967,959,959,962,967,964,957,966,962,957,966,967,957,964,959,959,959,961,956,966,964,963,959,956,961,966,964,959,959,961,962,965,959,960,959,963,965,966,965,
955,960,956,955,962,959,962,955,963,966,963,966,960,959,829,830,830,828,828,829,830,830,828,828,830,828,828,829,830,830,829,830,830,829,828,829,828,830,830,829,830,828,830,829,830,829,828,829,1193,1193,1193,1193,1193,1193,1193,957,963,966,962,961,956,965,959,962,961,959,964,961,966,957,961,962,961,963,956,955,966,967,964,959,956,959,960,956,955,960,960,962,966,966,956,962,967,963,957,957,965,965,964,960,
965,964,963,967,962,960,963,967,967,965,966,957,960,960,829,830,829,830,829,829,828,828,830,830,829,828,828,828,829,830,829,829,829,830,830,830,828,829,828,828,829,829,829,830,828,829,830,830,1193,1193,1193,1193,1193,1193,1193,967,957,964,965,960,957,966,964,956,961,963,957,956,964,956,957,955,959,966,960,964,960,966,964,967,960,966,959,967,955,956,955,967,963,966,955,960,964,966,966,959,963,956,955,967,
957,962,966,966,961,959,963,966,963,964,962,959,966,966,828,830,828,828,828,829,829,828,829,830,828,830,829,828,830,828,829,829,829,828,830,830,828,828,829,829,828,830,829,828,830,830,830,829,1193,1193,1005,1193,1193,1193,1193,960,965,960,959,959,955,967,957,962,966,966,955,965,962,966,956,955,965,967,960,967,957,960,955,957,960,960,964,963,967,963,955,966,963,962,966,965,955,955,955,957,957,956,965,964,
966,965,962,962,966,956,963,963,962,966,962,957,1199,1199,1199,829,830,828,830,829,828,830,829,829,828,829,829,830,828,828,828,829,830,830,830,830,830,828,828,829,830,829,829,830,830,829,830,830,830,829,956,964,959,963,964,966,961,964,955,955,957,959,963,956,957,965,959,959,957,964,959,957,967,956,965,963,966,965,956,962,959,965,967,956,967,955,960,955,956,960,959,966,967,963,962,962,962,960,960,963,
955,965,956,961,963,964,960,964,966,960,955,964,1199,1005,1199,829,828,830,828,828,828,828,828,829,828,828,828,830,830,830,830,830,830,830,829,828,830,828,829,829,828,828,828,829,828,828,830,830,830,829,967,967,963,956,960,959,961,960,966,963,964,965,957,956,960,960,962,962,966,966,962,965,966,955,957,967,967,961,967,960,960,962,955,956,965,957,957,959,956,966,955,956,963,956,957,965,959,962,961,960,
957,963,966,966,964,966,959,957,960,960,967,965,959,955,829,830,828,828,829,829,828,829,828,828,829,828,829,830,828,830,828,830,829,829,830,828,828,829,828,829,829,829,830,828,828,829,830,829,828,828,963,955,960,961,959,959,963,955,955,956,955,959,961,963,957,961,960,964,956,956,962,960,963,967,963,955,963,964,961,967,955,962,965,959,961,957,965,955,967,955,957,959,962,955,960,964,959,967,962,967,
964,962,963,955,959,955,965,959,965,967,967,962,956,963,829,828,830,828,830,828,828,829,829,828,829,828,828,828,829,829,829,828,828,828,828,828,830,828,830,829,830,830,829,828,828,828,828,828,830,828,964,966,963,959,960,967,957,966,957,960,962,955,956,965,964,966,961,965,956,960,960,956,960,963,956,964,960,956,960,964,960,961,959,966,960,967,963,961,955,963,956,966,955,967,967,961,959,956,957,967,
962,957,967,959,965,967,964,965,955,965,960,959,967,964,830,829,828,830,828,830,828,828,829,830,829,828,829,828,828,829,830,828,829,828,829,830,829,828,828,830,828,829,830,829,830,829,828,830,829,956,961,964,956,961,956,955,956,963,959,960,962,960,967,964,960,966,959,963,965,963,961,965,959,957,966,956,963,956,955,959,959,961,955,960,967,956,961,955,964,964,961,959,956,960,967,962,959,959,957,955,
966,963,966,956,966,964,959,961,966,960,965,956,965,965,962,828,830,830,829,829,830,828,829,828,829,829,829,829,830,828,829,828,828,830,828,828,830,829,830,829,828,830,830,828,830,829,829,829,829,965,967,967,966,964,963,959,967,965,964,967,960,967,959,962,955,956,956,967,959,967,964,962,961,962,966,957,964,964,955,957,961,955,956,960,964,965,964,964,963,960,964,967,960,967,961,961,956,963,960,960,
963,955,967,955,963,965,959,959,962,960,961,955,960,962,960,828,830,828,828,828,829,830,830,828,828,829,828,830,830,828,829,828,828,828,829,828,829,830,830,829,828,829,828,830,828,830,830,828,956,959,955,966,966,961,963,966,966,962,960,959,963,955,963,955,963,964,967,964,959,965,955,962,959,960,967,960,965,962,964,967,966,965,965,965,959,960,963,956,967,955,960,963,955,955,963,963,964,962,960,967,
960,960,962,963,965,962,967,963,955,964,962,967,962,960,964,965,830,828,829,828,828,828,828,828,829,828,830,829,829,829,829,830,830,830,830,828,830,830,830,828,829,828,830,830,830,830,830,829,965,960,967,965,960,959,960,960,960,955,955,955,963,960,955,967,965,962,963,962,955,962,956,956,959,964,955,966,955,964,964,966,956,963,963,961,967,967,966,959,955,966,959,963,957,960,962,967,966,957,962,967,
965,963,955,955,960,956,966,961,966,963,959,967,957,966,961,956,828,828,830,828,828,828,829,830,829,828,828,830,829,829,829,828,829,829,829,829,828,829,829,830,829,828,829,828,828,828,830,966,959,960,966,956,964,962,959,955,956,959,967,959,965,966,955,961,967,955,965,956,967,959,967,962,962,967,965,960,960,966,959,963,959,956,964,955,963,955,955,964,960,955,967,957,967,955,964,967,955,962,955,955,
965,955,963,959,967,961,964,960,960,967,967,963,955,964,964,964,965,828,828,830,829,829,830,830,828,829,830,829,828,829,828,830,830,829,828,829,830,829,830,828,829,829,829,828,830,830,828,964,961,957,965,961,960,964,961,955,963,962,962,964,963,959,964,957,962,964,964,959,955,955,957,955,964,957,964,960,967,962,956,960,964,966,965,956,962,959,956,957,965,964,966,960,967,963,963,962,960,959,965,960,
959,955,960,967,957,956,960,957,964,961,962,961,959,960,962,966,963,964,829,830,829,828,828,828,828,830,829,829,830,830,830,829,830,830,828,829,830,830,829,829,830,830,828,828,828,828,955,961,960,967,965,960,963,961,967,967,964,965,960,955,965,965,955,955,966,960,957,963,965,965,955,956,957,962,967,966,957,967,959,963,967,956,967,963,962,966,962,959,964,966,959,961,963,960,961,962,964,964,956,962,
961,957,963,964,965,962,962,955,962,965,963,962,967,963,956,961,962,963,964,957,830,830,829,829,830,828,829,828,828,829,828,829,828,830,829,830,829,828,829,830,830,829,829,828,828,962,955,963,956,960,956,964,956,965,966,964,957,955,959,967,966,966,961,966,960,959,962,967,957,956,955,964,964,964,961,966,957,961,961,960,966,962,955,955,960,967,964,963,955,955,962,966,966,967,965,959,957,960,957,961,
962,959,956,957,967,962,955,956,955,962,962,967,956,963,955,961,962,965,955,963,965,828,830,829,829,828,829,828,828,828,829,828,828,828,828,828,830,828,829,828,828,828,830,963,961,964,962,959,967,965,963,957,957,957,961,960,960,960,967,961,962,955,967,956,967,956,964,955,963,959,965,964,966,962,959,960,959,966,964,957,963,960,961,966,962,966,957,967,959,956,960,966,956,960,955,956,961,964,956,956,
955,967,965,967,962,956,960,965,967,956,955,962,961,961,961,967,960,963,966,964,965,959,962,829,829,829,828,828,828,830,829,829,828,828,830,829,829,829,830,829,829,829,967,963,962,956,956,959,959,957,960,957,955,960,964,956,964,961,955,965,962,963,959,967,955,957,960,964,956,955,962,961,963,961,955,957,963,957,962,966,960,966,955,961,957,965,962,967,959,962,964,965,956,955,965,957,959,956,966,960,
957,960,966,966,966,967,955,961,956,962,959,962,961,960,967,964,956,961,963,961,955,960,957,957,830,829,829,830,830,829,828,829,829,828,829,829,830,830,828,828,960,955,960,963,956,957,955,960,963,966,957,961,965,957,966,967,965,957,961,957,963,961,967,964,967,962,957,967,966,960,956,959,961,962,966,963,965,967,967,960,965,956,966,963,960,965,963,957,967,956,961,962,962,960,959,961,966,961,961,965,
966,961,956,959,963,961,964,963,957,957,961,964,967,955,961,955,960,965,955,961,962,961,963,955,963,955,956,957,967,962,966,967,960,966,964,966,961,956,957,962,964,956,967,967,961,962,964,961,963,955,955,960,956,957,966,956,962,966,962,963,960,961,960,961,962,960,956,955,962,961,966,962,961,957,956,964,961,967,963,962,959,966,964,966,964,966,956,961,964,966,966,959,965,966,965,956,959,967,965,955,
963,967,957,965,961,960,965,967,965,957,961,965,960,962,955,956,965,966,963,967,955,961,957,966,961,965,962,956,967,957,960,955,965,961,963,966,965,960,956,965,965,966,955,957,966,960,965,963,967,956,955,957,966,965,955,965,965,961,961,955,959,957,967,961,961,957,959,955,966,967,964,956,961,961,960,966,965,957,967,955,964,962,964,955,961,957,965,962,962,966,955,967,960,964,960,963,961,960,957,965,
956,967,956,963,959,964,957,960,956,960,961,964,965,963,957,959,956,960,962,967,959,964,965,966,959,967,966,955,956,960,959,955,955,955,966,960,967,962,963,959,962,961,966,964,964,966,963,967,963,956,957,956,965,964,957,964,966,967,963,967,962,965,956,967,960,957,965,967,965,965,956,957,963,955,957,962,963,964,956,967,963,955,961,955,957,965,955,967,961,959,961,965,965,955,962,962,966,955,956,956,
959,963,959,959,964,956,955,959,961,963,962,956,960,965,957,963,962,955,956,966,956,961,966,964,961,967,960,956,965,963,955,960,964,967,964,966,960,962,956,955,959,961,962,960,960,957,960,959,957,955,964,962,959,960,964,966,964,963,960,962,955,960,966,959,964,959,961,957,959,961,964,959,962,961,965,965,963,962,959,957,961,965,960,966,956,967,960,959,964,966,960,962,959,964,962,956,966,961,964,956,
956,967,962,960,964,964,962,955,966,962,966,960,967,963,960,967,955,962,957,955,956,959,959,960,960,962,955,956,959,960,956,963,965,966,959,966,961,959,961,959,967,966,960,964,961,965,956,965,960,961,959,957,963,960,959,956,962,960,957,963,964,964,955,966,960,961,967,960,959,956,955,962,956,964,967,959,962,967,962,962,967,965,956,966,965,956,966,961,966,956,965,965,964,957,964,959,967,961,956,957,
967,955,959,962,966,955,966,956,963,961,959,959,964,967,957,966,961,959,962,962,961,964,967,956,963,959,957,962,956,961,963,961,957,964,964,957,957,960,956,963,955,964,965,962,955,962,955,965,965,967,962,962,955,966,965,956,957,955,957,959,964,961,965,963,960,955,956,961,965,956,961,960,964,963,959,959,963,955,964,966,956,962,961,965,959,963,965,955,960,964,960,967,963,965,957,964,962,960,956,963,
967,955,959,960,955,964,966,960,959,964,957,962,963,955,966,963,965,967,962,956,963,967,960,960,960,956,967,961,955,957,956,966,959,961,967,963,956,965,960,961,961,955,962,956,956,965,960,966,957,965,961,962,965,966,965,964,962,964,962,963,959,964,963,965,961,967,966,957,961,966,961,960,955,965,961,960,966,965,966,959,956,964,961,961,962,964,963,967,962,966,964,959,963,963,956,966,955,956,957,961,
967,961,961,961,967,955,962,964,964,966,957,955,957,956,955,967,967,956,967,967,964,960,967,959,964,967,961,957,959,966,957,966,967,964,963,959,961,967,963,955,959,959,965,965,967,967,957,963,964,959,962,955,956,966,956,955,959,955,964,960,957,959,959,963,967,959,961,959,957,959,961,961,962,956,955,956,955,960,961,960,966,955,957,963,959,962,961,957,961,956,960,964,960,961,959,967,956,960,956,960,
967,963,957,955,959,962,966,956,956,956,955,956,966,955,960,955,961,959,961,963,961,964,964,962,962,963,967,962,962,964,967,959,960,963,964,967,965,964,962,963,963,965,955,966,965,959,967,965,967,962,959,966,962,967,967,967,959,956,962,960,961,966,955,966,964,963,956,965,957,960,963,963,957,956,966,960,963,956,964,959,963,967,959,965,962,959,956,963,965,967,966,955,967,962,962,957,966,960,957,967,
966,961,957,967,957,964,956,967,957,966,960,964,963,957,965,963,956,955,955,961,956,963,965,956,956,963,962,955,967,964,964,962,959,965,959,957,965,964,957,956,967,964,957,966,957,964,957,957,957,962,961,956,956,965,960,963,961,964,966,964,965,956,955,964,962,965,962,965,962,963,963,964,963,961,963,961,965,957,961,960,965,967,956,961,965,962,957,957,963,962,961,957,961,964,956,960,963,960,955,965,
959,965,959,967,956,955,965,961,966,966,960,966,962,966,963,956,964,965,956,955,965,966,955,966,961,955,962,966,966,966,956,962,964,957,966,955,965,957,960,964,961,961,965,961,957,966,961,959,967,961,965,963,962,967,957,965,963,964,957,956,956,967,955,964,955,955,967,956,964,956,955,956,957,965,963,962,963,966,957,963,959,960,955,963,960,955,959,964,963,959,967,957,966,964,965,963,957,965,965,965,
964,956,962,966,962,961,967,957,967,963,966,955,959,966,966,967,956,960,957,960,962,964,961,960,963,961,960,963,956,962,965,957,962,956,960,956,964,965,959,965,955,961,962,960,963,965,957,963,960,966,957,960,959,962,961,967,962,966,956,956,963,955,956,966,964,960,956,965,956,961,959,964,957,957,956,957,957,963,959,956,966,963,962,956,962,966,961,963,955,963,962,960,967,964,961,967,963,967,961,964,
955,960,967,955,964,963,964,961,956,955,959,959,962,957,956,962,955,967,957,965,960,967,959,966,963,955,957,962,960,960,965,955,955,955,965,960,957,966,966,966,959,962,959,960,964,955,965,967,960,957,966,967,959,956,964,957,967,963,961,963,967,959,964,964,963,964,959,956,963,960,965,957,967,956,965,964,966,961,964,967,956,956,967,955,960,963,964,956,956,957,962,966,967,955,955,956,955,959,964,965,
957,959,960,959,955,956,962,955,963,959,962,967,965,956,956,959,966,959,957,955,967,964,961,966,965,967,956,966,955,961,961,967,961,957,967,956,962,963,963,962,959,959,955,967,961,959,956,959,964,960,957,965,961,966,962,967,959,967,956,965,963,962,967,955,964,964,963,965,967,957,964,962,967,967,963,964,961,962,956,956,967,960,956,964,959,955,963,960,960,960,956,961,960,962,965,964,959,966,966,956,
960,962,964,956,966,965,955,960,961,963,962,959,966,966,964,955,957,964,956,963,964,965,961,955,955,960,957,962,957,960,965,964,955,955,966,960,963,966,966,961,964,955,965,963,963,964,963,966,962,957,967,965,961,959,967,966,956,965,961,955,965,965,964,960,964,960,965,961,964,959,959,967,966,964,955,957,966,959,965,963,967,964,962,962,964,963,965,964,964,967,966,964,955,957,966,961,960,964,965,963
</data>
 </layer>
 <layer name="Colisiones" width="100" height="100">
  <data encoding="csv">
1,1,1,1,1,1,1,1,1,1,1,1,1,1,1,1,1,1,1,1,1,1,1,1,1,1,1,1,1,1,1,1,1,1,1,1,1,1,1,1,1,1,1,1,1,1,1,1,1,1,1,1,1,1,1,1,1,1,1,1,1,1,1,1,1,1,1,1,1,1,1,1,1,1,1,1,1,1,1,1,1,1,1,1,1,1,1,1,1,1,1,1,1,1,1,1,1,1,1,1,
1,1,1,1,1,1,1,1,1,1,1,1,1,1,1,1,1,1,1,1,1,1,1,1,1,1,1,1,1,1,1,1,1,1,1,1,1,1,1,1,1,1,1,1,1,1,1,1,1,1,1,1,1,1,1,1,1,1,1,1,1,1,1,1,1,1,1,1,1,1,1,1,1,1,1,1,1,1,1,1,1,1,1,1,1,1,1,1,1,1,1,1,1,1,1,1,1,1,1,1,
1,1,1,1,1,1,1,1,1,1,1,1,1,1,1,1,1,1,1,1,1,1,1,1,1,1,1,1,1,1,1,1,1,1,1,1,1,1,1,1,1,1,1,1,1,1,1,1,1,1,1,1,1,1,1,1,1,1,1,1,1,1,1,1,1,1,1,1,1,1,1,1,1,1,1,1,1,1,1,1,1,1,1,1,1,1,1,1,1,1,1,1,1,1,1,1,1,1,1,1,
1,1,1,1,1,1,1,1,1,1,1,1,1,1,1,1,1,1,1,1,1,1,1,1,1,1,1,1,1,1,1,1,1,1,1,1,1,1,1,1,1,1,1,1,1,1,1,1,1,1,1,1,1,1,1,1,1,1,1,1,1,1,1,1,1,1,1,1,1,1,1,1,1,1,1,1,1,1,1,1,1,1,1,1,1,1,1,1,1,1,1,1,1,1,1,1,1,1,1,1,
1,1,1,1,1,1,1,1,1,1,1,1,1,1,1,1,1,1,1,1,1,1,1,1,1,1,1,1,1,1,1,1,1,1,1,1,1,1,1,1,1,1,1,1,1,1,1,1,1,1,1,1,1,1,1,1,1,1,1,1,1,1,1,1,1,1,1,1,1,1,1,1,1,1,1,1,1,1,1,1,1,1,1,1,1,1,1,1,1,1,1,1,1,1,1,1,1,1,1,1,
1,1,1,1,1,1,1,1,1,1,1,1,1,1,1,1,1,1,1,1,1,1,1,1,1,1,1,1,1,1,1,1,1,1,1,1,1,1,1,1,1,1,1,1,1,1,1,1,1,1,1,1,1,1,1,1,1,1,1,1,1,1,1,1,1,1,1,1,1,1,1,1,1,1,1,1,1,1,1,1,1,1,1,1,1,1,1,1,1,1,1,1,1,1,1,1,1,1,1,1,
1,1,1,1,1,1,1,1,1,1,1,1,1,1,1,1,1,1,1,1,1,1,1,1,1,1,1,1,1,1,1,1,1,1,1,1,1,1,1,1,1,1,1,1,1,1,1,1,1,1,1,1,1,1,1,1,1,1,1,1,1,1,1,1,1,1,1,1,1,1,1,1,1,1,1,1,1,1,1,1,1,1,1,1,1,1,1,1,1,1,1,1,1,1,1,1,1,1,1,1,
1,1,1,1,1,1,1,1,1,1,1,1,1,1,1,1,1,1,1,1,1,1,1,1,1,1,1,1,1,1,1,1,1,1,1,1,1,1,1,1,1,1,1,1,1,1,1,1,1,1,1,1,1,1,1,1,1,1,1,1,1,1,1,1,1,1,1,1,1,1,1,1,1,1,1,1,1,1,1,1,1,1,1,1,1,1,1,1,1,1,1,1,1,1,1,1,1,1,1,1,
1,1,1,1,1,1,1,1,1,1,1,1,1,1,1,1,1,1,1,1,1,1,1,1,1,1,1,1,1,1,1,1,1,1,1,1,1,1,1,1,1,1,1,1,1,1,1,1,1,1,1,1,1,1,1,1,1,1,1,1,1,1,1,1,1,1,1,1,1,1,1,1,1,1,1,1,1,1,1,1,1,1,1,1,1,1,1,1,1,1,1,1,1,1,1,1,1,1,1,1,
1,1,1,1,1,1,1,1,1,1,1,1,1,1,1,1,1,1,1,1,1,1,1,1,1,1,1,1,1,1,1,1,1,1,1,1,1,1,1,1,1,1,1,1,1,1,1,1,1,1,1,1,1,1,1,1,1,1,1,1,1,1,1,1,1,1,1,1,1,1,1,1,1,1,1,1,1,1,1,1,1,1,1,1,1,1,1,1,1,1,1,1,1,1,1,1,1,1,1,1,
1,1,1,1,1,1,1,1,1,1,1,1,1,1,1,1,1,1,1,1,1,1,1,1,1,1,1,1,1,1,1,1,1,1,1,1,1,1,1,1,1,1,1,1,1,1,1,1,1,1,1,1,1,1,1,1,1,1,1,1,1,1,1,1,1,1,1,1,1,1,1,1,1,1,1,1,1,1,1,1,1,1,1,1,1,1,1,1,1,1,1,1,1,1,1,1,1,1,1,1,
1,1,1,1,1,1,1,1,1,1,1,1,1,1,1,1,1,1,1,1,1,1,1,1,1,1,1,1,1,1,1,1,1,1,1,1,1,1,1,1,1,1,1,1,1,1,1,1,1,1,1,1,1,1,1,1,1,1,1,1,1,1,1,1,1,1,1,1,1,1,1,1,1,1,1,1,1,1,1,1,1,1,1,1,1,1,1,1,1,1,1,1,1,1,1,1,1,1,1,1,
1,1,1,1,1,1,1,1,1,1,1,1,1,1,1,1,1,1,1,1,1,1,1,1,1,1,1,1,1,1,1,1,1,1,1,1,1,1,1,1,1,1,1,1,1,1,1,1,1,1,1,1,1,1,1,1,1,1,1,1,1,1,1,1,1,1,1,1,1,1,1,1,1,1,1,1,1,1,1,1,1,1,1,1,1,1,1,1,1,1,1,1,1,1,1,1,1,1,1,1,
1,1,1,1,1,1,1,1,1,1,1,1,1,1,1,1,1,1,1,1,1,1,1,1,1,1,1,1,1,1,1,1,1,1,1,1,1,1,1,1,1,1,1,1,1,1,1,1,1,1,1,1,1,1,1,1,1,1,1,1,1,1,1,1,1,1,1,1,1,1,1,1,1,1,1,1,1,1,1,1,1,1,1,1,1,1,1,1,1,1,1,1,1,1,1,1,1,1,1,1,
1,1,1,1,1,1,1,1,1,1,1,1,1,1,1,1,1,1,1,1,1,1,1,1,1,1,1,1,1,1,1,1,1,1,1,1,1,1,1,1,1,1,1,1,1,1,1,1,1,1,1,1,1,1,1,1,1,1,1,1,1,1,1,1,1,1,1,1,1,1,1,1,1,1,1,1,1,1,1,1,1,1,1,1,1,1,1,1,1,1,1,1,1,1,1,1,1,1,1,1,
1,1,1,1,1,1,1,1,1,1,1,1,1,1,1,1,1,1,1,1,1,1,1,1,1,1,1,1,1,1,1,1,1,1,1,1,1,1,1,1,1,1,1,1,1,1,1,1,1,1,1,1,1,1,1,1,1,1,1,1,1,1,1,1,1,1,1,1,1,1,1,1,1,1,1,1,1,1,1,1,1,1,1,1,1,1,1,1,1,1,1,1,1,1,1,1,1,1,1,1,
1,1,1,1,1,1,1,1,1,1,1,1,1,1,1,1,1,1,1,1,1,1,1,1,1,1,1,1,1,1,1,1,1,1,1,1,1,1,1,1,1,1,1,1,1,1,1,1,1,1,1,1,1,1,1,1,1,1,1,1,1,1,1,1,1,1,1,1,1,1,1,1,1,1,1,1,1,1,1,1,1,1,1,1,1,1,1,1,1,1,1,1,1,1,1,1,1,1,1,1,
1,1,1,1,1,1,1,1,1,1,1,1,1,1,1,1,1,1,1,1,1,1,1,1,1,1,1,1,1,1,1,1,1,1,1,1,1,1,1,1,1,1,1,1,1,1,1,1,1,1,1,1,1,1,1,1,1,1,1,1,1,1,1,1,1,1,1,1,1,1,1,1,1,1,1,1,1,1,1,1,1,1,1,1,1,1,1,1,1,1,1,1,1,1,1,1,1,1,1,1,
1,1,1,1,1,1,1,1,1,1,1,1,1,1,1,1,1,1,1,1,1,1,1,1,1,1,1,1,1,1,1,1,1,1,1,1,1,1,1,1,1,1,1,1,1,1,1,1,1,1,1,1,1,1,1,1,1,1,1,1,1,1,1,1,1,1,1,1,1,1,1,1,1,1,1,1,1,1,1,1,1,1,1,1,1,1,1,1,1,1,1,1,1,1,1,1,1,1,1,1,
1,1,1,1,1,1,1,1,1,1,1,1,1,1,1,1,1,1,1,1,1,1,1,1,1,1,1,1,1,1,1,1,1,1,1,1,1,1,1,1,1,1,1,1,1,1,1,1,1,1,1,1,1,1,1,1,1,1,1,1,1,1,1,1,1,1,1,1,1,1,1,1,1,1,1,1,1,1,1,1,1,1,1,1,1,1,1,1,1,1,1,1,1,1,1,1,1,1,1,1,
1,1,1,1,1,1,1,1,1,1,1,1,1,1,1,1,1,1,1,1,1,1,1,1,1,1,1,1,1,1,1,1,1,1,1,1,1,1,1,1,1,1,1,1,1,1,1,1,1,1,1,1,1,1,1,1,1,1,1,1,1,1,1,1,1,1,1,1,1,1,1,1,1,1,1,1,1,1,1,1,1,1,1,1,1,1,1,1,1,1,1,1,1,1,1,1,1,1,2,2,
1,1,1,1,1,1,1,1,1,1,1,1,1,1,1,1,1,1,1,1,1,1,1,1,1,1,1,1,1,1,1,1,1,1,1,1,1,1,1,1,1,1,1,1,1,1,1,1,1,1,1,1,1,1,1,1,1,1,1,1,1,1,1,1,1,1,1,1,1,1,1,1,1,1,1,1,1,1,1,1,1,1,1,1,1,1,1,1,1,1,1,1,1,1,2,2,2,2,2,2,
1,1,1,1,1,1,1,1,1,1,1,1,1,1,1,1,1,1,1,1,1,1,1,1,1,1,1,1,1,1,1,1,1,1,1,1,1,1,1,1,1,1,1,1,1,1,1,1,1,1,1,1,1,1,1,1,1,1,1,1,1,1,1,1,1,1,1,1,1,1,1,1,1,1,1,1,1,1,2,2,2,2,2,2,2,2,2,2,2,2,2,2,2,2,2,2,2,2,2,2,
1,1,1,1,1,1,1,1,1,1,1,1,1,1,1,1,1,1,1,1,1,1,1,1,1,1,1,1,1,1,1,1,1,1,1,1,1,1,1,1,1,1,1,1,1,1,1,1,1,1,1,1,1,1,1,1,1,1,1,1,1,1,1,1,1,1,1,1,1,1,1,1,1,1,1,2,2,2,2,2,2,2,2,2,2,2,2,2,2,2,2,2,2,2,2,2,2,2,2,2,
1,1,1,1,1,1,1,1,1,1,1,1,1,1,1,1,1,1,1,1,1,1,1,1,1,1,1,1,1,1,1,1,1,1,1,1,1,1,1,1,1,1,1,1,1,1,1,1,1,1,1,1,1,1,1,1,1,1,1,1,1,1,1,1,1,1,1,1,1,1,1,2,2,2,2,2,2,2,2,2,2,2,2,2,2,2,2,2,2,2,2,2,2,2,2,2,2,2,2,2,
1,1,1,1,1,1,1,1,1,1,1,1,1,1,1,1,1,1,1,1,1,1,1,1,1,1,1,1,1,1,1,1,1,1,1,1,1,1,1,1,1,1,1,1,1,1,1,1,1,1,1,1,1,1,1,1,1,1,1,1,1,1,1,1,1,1,1,2,2,2,2,2,2,2,2,2,2,2,2,2,2,2,2,2,2,2,2,2,2,2,2,2,2,2,2,2,2,2,2,2,
1,1,1,1,1,1,1,1,1,1,1,1,1,1,1,1,1,1,1,1,1,1,1,1,1,1,1,1,1,2,1,1,1,2,1,1,1,1,1,1,1,1,1,1,1,1,1,1,1,1,1,1,2,2,2,2,2,2,2,2,2,2,2,2,2,2,2,2,2,2,2,2,2,2,2,2,2,2,2,2,2,2,2,2,2,2,2,2,2,2,2,2,2,2,2,2,2,2,2,2,
1,1,1,1,1,1,1,1,1,1,1,1,1,1,1,1,1,1,1,1,1,1,1,1,1,1,1,1,2,2,1,1,1,2,2,1,1,1,1,1,1,1,1,1,1,1,2,2,2,2,2,2,2,2,2,2,2,2,2,2,2,2,2,2,2,2,2,2,2,2,2,2,2,2,2,2,2,2,2,2,2,2,2,2,2,2,2,2,2,2,2,2,2,2,2,2,2,2,2,2,
1,1,1,1,1,1,1,1,1,1,1,1,1,1,1,1,1,1,1,1,1,1,1,1,1,1,1,1,2,2,1,1,1,2,2,2,2,2,2,2,2,2,2,2,2,2,2,2,2,2,2,2,2,2,2,2,2,2,2,2,2,2,2,2,2,2,2,2,2,2,2,2,2,2,2,2,2,2,2,2,2,2,2,2,2,2,2,2,2,2,2,2,2,2,2,2,2,2,2,2,
1,1,1,1,1,1,1,2,2,2,2,2,2,2,2,2,2,2,2,2,2,2,2,2,2,2,2,2,2,2,1,1,1,2,2,2,2,2,2,2,2,2,2,2,2,2,2,2,2,2,2,2,2,2,2,2,2,2,2,2,2,2,2,2,2,2,2,2,2,2,2,2,2,2,2,2,2,2,2,2,2,2,2,2,2,2,2,2,2,2,2,2,2,2,2,2,2,2,2,2,
1,1,2,2,2,2,2,2,2,2,2,2,2,2,2,2,2,2,2,2,2,2,2,2,2,2,2,2,2,2,1,1,1,2,2,2,2,2,2,2,2,2,2,2,2,2,2,2,2,2,2,2,2,2,2,2,2,2,2,2,2,2,2,2,2,2,2,2,2,2,2,2,2,2,2,2,2,2,2,2,2,2,2,2,2,2,2,2,2,2,2,2,2,2,1,1,1,1,1,1,
2,2,2,2,2,2,2,2,2,2,2,2,2,2,2,2,2,2,2,2,2,2,2,2,2,2,2,2,2,2,1,1,1,2,2,2,2,2,2,2,2,2,2,2,2,2,2,2,2,2,2,2,2,2,2,2,2,2,2,2,2,2,2,2,2,2,2,2,2,2,2,2,2,2,2,2,2,2,2,2,2,2,2,2,2,2,2,2,1,1,1,1,1,1,1,1,1,1,1,1,
2,2,2,2,2,2,2,2,2,2,2,2,2,2,2,2,2,2,2,2,2,2,2,2,2,2,2,2,2,2,1,1,1,2,2,2,2,2,2,2,2,2,2,2,2,2,2,2,2,2,2,2,2,2,2,2,2,2,2,2,2,2,2,2,2,2,2,2,2,2,2,2,2,2,2,2,2,2,2,2,2,2,2,2,2,1,1,1,1,1,1,1,1,1,1,1,1,1,1,1,
2,2,2,2,2,2,2,2,2,2,2,2,2,2,2,2,2,2,2,2,2,2,2,2,2,2,2,2,2,2,1,1,1,2,2,2,2,2,2,2,2,2,2,2,2,2,2,2,2,2,2,2,2,2,2,2,2,2,2,2,2,2,2,2,2,2,2,2,2,2,2,2,2,2,2,2,2,2,2,1,1,1,1,1,1,1,1,1,1,1,1,1,1,1,1,1,1,1,1,1,
2,2,2,2,2,2,2,2,2,2,2,2,2,2,2,2,2,2,2,2,2,2,2,2,2,2,2,2,2,2,1,1,1,2,2,2,2,2,2,2,2,2,2,2,2,2,2,2,2,2,2,2,2,2,2,2,2,2,2,2,2,2,2,2,2,1,1,1,1,1,1,1,1,1,1,1,1,1,1,1,1,1,1,1,1,1,1,1,1,1,1,1,1,1,1,1,1,1,1,1,
2,2,2,2,2,2,2,2,2,2,2,2,2,2,2,2,2,2,2,2,2,2,2,2,2,2,2,2,2,2,1,1,1,2,2,2,2,2,2,2,2,2,2,2,2,2,2,2,2,2,2,2,2,2,2,2,2,2,2,1,1,1,1,1,1,1,1,1,1,1,1,1,1,1,1,1,1,1,1,1,1,1,1,1,1,1,1,1,1,1,1,1,1,1,1,1,1,1,1,1,
2,2,2,2,2,2,2,2,2,2,2,2,2,2,2,2,2,2,2,2,2,2,2,2,2,2,2,2,2,2,1,1,1,2,2,2,2,2,2,2,2,2,2,2,2,2,2,2,2,2,2,2,2,1,1,1,1,1,1,1,1,1,1,1,1,1,1,1,1,1,1,1,1,1,1,1,1,1,1,1,1,1,1,1,1,1,1,1,1,1,1,1,1,1,1,1,1,1,1,1,
2,2,2,2,2,2,2,2,2,2,1,1,1,1,1,1,1,1,1,1,1,1,1,1,1,1,1,1,2,2,1,1,1,2,2,1,1,1,1,1,1,1,1,1,1,1,1,1,2,2,2,2,2,1,1,1,1,1,1,1,1,1,1,1,1,1,1,1,1,1,1,1,1,1,1,1,1,1,1,1,1,1,1,1,1,1,1,1,1,1,1,1,1,1,1,1,1,1,1,1,
2,2,2,2,1,1,1,1,1,1,1,1,1,1,1,1,1,1,1,1,1,1,1,1,1,1,1,1,1,2,1,1,1,2,1,1,1,1,1,1,1,1,1,1,1,1,1,1,2,2,1,2,2,1,1,1,1,1,1,1,1,1,1,1,1,1,1,1,1,1,1,1,1,1,1,1,1,1,1,1,1,1,1,1,1,1,1,1,1,1,1,1,1,1,1,1,1,1,1,1,
2,2,1,1,1,1,1,1,1,1,1,1,1,1,1,1,1,1,1,1,1,1,1,1,1,1,1,1,1,1,1,1,1,1,1,1,1,1,1,1,1,1,1,1,1,1,1,1,1,1,1,1,1,1,1,1,1,1,1,1,1,1,1,1,1,1,1,1,1,1,1,1,1,1,1,1,1,1,1,1,1,1,1,1,1,1,1,1,1,1,1,1,1,1,1,1,1,1,1,1,
1,1,1,1,1,1,1,1,1,1,1,1,1,1,1,1,1,1,1,1,1,1,1,1,1,1,1,1,1,1,1,1,1,1,1,1,1,1,1,1,1,1,1,1,1,1,1,1,1,1,1,1,1,1,1,1,1,1,1,1,1,1,1,1,1,1,1,1,1,1,1,1,1,1,1,1,1,1,1,1,1,1,1,1,1,1,1,1,1,1,1,1,1,1,1,1,1,1,1,1,
1,1,1,1,1,1,1,1,1,1,1,1,1,1,1,1,1,1,1,1,1,1,1,1,1,1,1,1,1,1,1,1,1,1,1,1,1,1,1,1,1,1,1,1,1,1,1,1,1,1,1,1,1,1,1,1,1,1,1,1,1,1,1,1,1,1,1,1,1,1,1,1,1,1,1,1,1,1,1,1,1,1,1,1,1,1,1,1,1,1,1,1,1,1,1,1,1,1,1,1,
1,1,1,1,1,1,1,1,1,1,1,1,1,1,1,1,1,1,1,1,1,1,1,1,1,1,1,1,1,1,1,1,1,1,1,1,1,1,1,1,1,1,1,1,1,1,1,1,1,1,1,1,1,1,1,1,1,1,1,1,1,1,1,1,1,1,1,1,1,1,1,1,1,1,1,1,1,1,1,1,1,1,1,1,1,1,1,1,1,1,1,1,1,1,1,1,1,1,1,1,
1,1,1,1,1,1,1,1,1,1,1,1,1,1,1,1,1,1,1,1,1,1,1,1,1,1,1,1,1,1,1,1,1,1,1,1,1,1,1,1,1,1,1,1,1,1,1,1,1,1,1,1,1,1,1,1,1,1,1,1,1,1,1,1,1,1,1,1,1,1,1,1,1,1,1,1,1,1,1,1,1,1,1,1,1,1,1,1,1,1,1,1,1,1,1,1,1,1,1,1,
1,1,1,1,1,1,1,1,1,1,1,1,1,1,1,1,1,1,1,1,1,1,1,1,1,1,1,1,1,1,1,1,1,1,1,1,1,1,1,1,1,1,1,1,1,1,1,1,1,1,1,1,1,1,1,1,1,1,1,1,1,1,1,1,1,1,1,1,1,1,1,1,1,1,1,1,1,1,1,1,1,1,1,1,1,1,1,1,1,1,1,1,1,1,1,1,1,1,1,1,
1,1,1,1,1,1,1,1,1,1,1,1,1,1,1,1,1,1,1,1,1,1,1,1,1,1,1,1,1,1,1,1,1,1,1,1,1,1,1,1,1,1,1,1,1,1,1,1,1,1,1,1,1,1,1,1,1,1,1,1,1,1,1,1,1,1,1,1,1,1,1,1,1,1,1,1,1,1,1,1,1,1,1,1,1,1,1,1,1,1,1,1,1,1,1,1,1,1,1,1,
1,1,1,1,1,1,1,1,1,1,1,1,1,1,1,1,1,1,1,1,1,1,1,1,1,1,1,1,1,1,1,1,1,1,1,1,1,1,1,1,1,1,1,1,1,1,1,1,1,1,1,1,1,1,1,1,1,1,1,1,1,1,1,1,1,1,1,1,1,1,1,1,1,1,1,1,1,1,1,1,1,1,1,1,1,1,1,1,1,1,1,1,1,1,1,1,1,1,1,1,
1,1,1,1,1,1,1,1,1,1,1,1,1,1,1,1,1,1,1,1,1,1,1,1,1,1,1,1,1,1,1,1,1,1,1,1,1,1,1,1,1,1,1,1,1,1,1,1,1,1,1,1,1,1,1,1,1,1,1,1,1,1,1,1,1,1,1,1,1,1,1,1,1,1,1,1,1,1,1,1,1,1,1,1,1,1,1,1,1,1,1,1,1,1,1,1,1,1,1,1,
1,1,1,1,1,1,1,1,1,1,1,1,1,1,1,1,1,1,1,1,1,1,1,1,1,1,1,1,1,1,1,1,1,1,1,1,1,1,1,1,1,1,1,1,1,1,1,1,1,1,1,1,1,1,1,1,1,1,1,1,1,1,1,1,1,1,1,1,1,1,1,1,1,1,1,1,1,1,1,1,1,1,1,1,1,1,1,1,1,1,1,1,1,1,1,1,1,1,1,1,
1,1,1,1,1,1,1,1,1,1,1,1,1,1,1,1,1,1,1,1,1,1,1,1,1,1,1,1,1,1,1,1,1,1,1,1,1,1,1,1,1,1,1,1,1,1,1,1,1,1,1,1,1,1,1,1,1,1,1,1,1,1,1,1,1,1,1,1,1,1,1,1,1,1,1,1,1,1,1,1,1,1,1,1,1,1,1,1,1,1,1,1,1,1,1,1,1,1,1,1,
1,1,1,1,1,1,1,1,1,1,1,1,1,1,1,1,1,1,1,1,1,1,1,1,1,1,1,1,1,1,1,1,1,1,1,1,1,1,1,1,1,1,1,1,1,1,1,1,1,1,1,1,1,1,1,1,1,1,1,1,1,1,1,1,1,1,1,1,1,1,1,1,1,1,1,1,1,1,1,1,1,1,1,1,1,1,1,1,1,1,1,1,1,1,1,1,1,1,1,1,
1,1,1,1,1,1,1,1,1,1,1,1,1,1,1,1,1,1,1,1,1,1,1,1,1,1,1,1,1,1,1,1,1,1,1,1,1,1,1,1,1,1,1,1,1,1,1,1,1,1,1,1,1,1,1,1,1,1,1,1,1,1,1,1,1,1,1,1,1,1,1,1,1,1,1,1,1,1,1,1,1,1,1,1,1,1,1,1,1,1,1,1,1,1,1,1,1,1,1,1,
1,1,1,1,1,1,1,1,1,1,1,1,1,1,1,1,1,1,1,1,1,1,1,1,1,1,1,1,1,1,1,1,1,1,1,1,1,1,1,1,1,1,1,1,1,1,1,1,1,1,1,1,1,1,1,1,1,1,1,1,1,1,1,1,1,1,1,1,1,1,1,1,1,1,1,1,1,1,1,1,1,1,1,1,1,1,1,1,1,1,1,1,1,1,1,1,1,1,1,1,
1,1,1,1,1,1,1,1,1,1,1,1,1,1,1,1,1,1,1,1,1,1,1,1,1,1,1,1,1,1,1,1,1,1,1,1,1,1,1,1,1,1,1,1,1,1,1,1,1,1,1,1,1,1,1,1,1,1,1,1,1,1,1,1,1,1,1,1,1,1,1,1,1,1,1,1,1,1,1,1,1,1,1,1,1,1,1,1,1,1,1,1,1,1,1,1,1,1,1,1,
1,1,1,1,1,1,1,1,1,1,1,1,1,1,1,1,1,1,1,1,1,1,1,1,1,1,1,1,1,1,1,1,1,1,1,1,1,1,1,1,1,1,1,1,1,1,1,1,1,1,1,1,1,1,1,1,1,1,1,1,1,1,1,1,1,1,1,1,1,1,1,1,1,1,1,1,1,1,1,1,1,1,1,1,1,1,1,1,1,1,1,1,1,1,1,1,1,1,1,1,
1,1,1,1,1,1,1,1,1,1,1,1,1,1,1,1,1,1,1,1,1,1,1,1,1,1,1,1,1,1,1,1,1,1,1,1,1,1,1,1,1,1,1,1,1,1,1,1,1,1,1,1,1,1,1,1,1,1,1,1,1,1,1,1,1,1,1,1,1,1,1,1,1,1,1,1,1,1,1,1,1,1,1,1,1,1,1,1,1,1,1,1,1,1,1,1,1,1,1,1,
1,1,1,1,1,1,1,1,1,1,1,1,1,1,1,1,1,1,1,1,1,1,1,1,1,1,1,1,1,1,1,1,1,1,1,1,1,1,1,1,1,1,1,1,1,1,1,1,1,1,1,1,1,1,1,1,1,1,1,1,1,1,1,1,1,1,1,1,1,1,1,1,1,1,1,1,1,1,1,1,1,1,1,1,1,1,1,1,1,1,1,1,1,1,1,1,1,1,1,1,
1,1,1,1,1,1,1,1,1,1,1,1,1,1,1,1,1,1,1,1,1,1,1,1,2,2,2,2,1,1,1,1,1,1,1,1,2,2,2,2,2,2,2,1,1,1,1,1,1,1,1,1,1,1,1,1,1,1,1,1,1,1,1,1,1,1,1,1,1,1,1,1,1,1,1,1,1,1,1,1,1,1,1,1,1,1,1,1,1,1,1,1,1,1,1,1,1,1,1,1,
1,1,1,1,1,1,1,1,1,1,1,1,1,1,1,1,1,1,1,1,1,1,1,1,2,1,2,2,1,1,1,1,1,1,1,1,2,2,2,2,1,2,2,1,1,1,1,1,1,1,1,1,1,1,1,1,1,1,1,1,1,1,1,1,1,1,1,1,1,1,1,1,1,1,1,1,1,1,1,1,1,1,1,1,1,1,1,1,1,1,1,1,1,1,1,1,1,1,1,1,
1,1,1,1,1,1,1,1,1,1,1,1,1,1,1,1,1,1,1,1,1,1,1,1,1,1,1,1,1,1,1,1,1,1,1,1,1,1,1,1,1,1,1,1,1,1,1,1,1,1,1,1,1,1,1,1,1,1,1,1,1,1,1,1,1,1,1,1,1,1,1,1,1,1,1,1,1,1,1,1,1,1,1,1,1,1,1,1,1,1,1,1,1,1,1,1,1,1,1,1,
1,1,1,1,1,1,1,1,1,1,1,1,1,1,1,1,1,1,1,1,1,1,1,1,1,1,1,1,1,1,1,1,1,1,1,1,1,1,1,1,1,1,1,1,1,1,1,1,1,1,1,1,1,1,1,1,1,1,1,1,1,1,1,1,1,1,1,1,1,1,1,1,1,1,1,1,1,1,1,1,1,1,1,1,1,1,1,1,1,1,1,1,1,1,1,1,1,1,1,1,
1,1,1,1,1,1,1,1,1,1,1,1,1,1,1,1,1,1,1,1,1,1,1,1,1,1,1,1,1,1,1,1,1,1,1,1,1,1,1,1,1,1,1,1,1,1,1,1,1,1,1,1,1,1,1,1,1,1,1,1,1,1,1,1,1,1,1,1,1,1,1,1,1,1,1,1,1,1,1,1,1,1,1,1,1,1,1,1,1,1,1,1,1,1,1,1,1,1,1,1,
1,1,1,1,1,1,1,1,1,1,1,1,1,1,1,1,1,1,1,1,1,1,1,1,1,1,1,1,1,1,1,1,1,1,1,1,1,1,1,1,1,1,1,1,1,1,1,1,1,1,1,1,1,1,1,1,1,1,1,1,1,1,1,1,1,1,1,1,1,1,1,1,1,1,1,1,1,1,1,1,1,1,1,1,1,1,1,1,1,1,1,1,1,1,1,1,1,1,1,1,
1,1,1,1,1,1,1,1,1,1,1,1,1,1,1,1,1,1,1,1,1,1,1,1,1,1,1,1,1,1,1,1,1,1,1,1,1,1,1,1,1,1,1,1,1,1,1,1,1,1,1,1,1,1,1,1,1,1,1,1,1,1,1,1,1,1,1,1,1,1,1,1,1,1,1,1,1,1,1,1,1,1,1,1,1,1,1,1,1,1,1,1,1,1,1,1,1,1,1,1,
1,1,1,1,1,1,1,1,1,1,1,1,1,1,1,1,1,1,1,1,1,1,1,1,1,1,1,1,1,1,1,1,1,1,1,1,1,1,1,1,1,1,1,1,1,1,1,1,1,1,1,1,1,1,1,1,1,1,1,1,1,1,1,1,1,1,1,1,1,1,1,1,1,1,1,1,1,1,1,1,1,1,1,1,1,1,1,1,1,1,1,1,1,1,1,1,1,1,1,1,
1,1,1,1,1,1,1,1,1,1,1,1,1,1,1,1,1,1,1,1,1,1,1,1,1,1,1,1,1,1,1,1,1,1,1,1,1,1,1,1,1,1,1,1,1,1,1,1,1,1,1,1,1,1,1,1,1,1,1,1,1,1,1,1,1,1,1,1,1,1,1,1,1,1,1,1,1,1,1,1,1,1,1,1,1,1,1,1,1,1,1,1,1,1,1,1,1,1,1,1,
1,1,1,1,1,1,1,1,1,1,1,1,1,1,1,1,1,1,1,1,1,1,1,1,1,1,1,1,1,1,1,1,1,1,1,1,1,1,1,1,1,1,1,1,1,1,1,1,1,1,1,1,1,1,1,1,1,1,1,1,1,1,1,1,1,1,1,1,1,1,1,1,1,1,1,1,1,1,1,1,1,1,1,1,1,1,1,1,1,1,1,1,1,1,1,1,1,1,1,1,
1,1,1,1,1,1,1,1,1,1,1,1,1,1,1,1,1,1,1,1,1,1,1,1,1,1,1,1,1,1,1,1,1,1,1,1,1,1,1,1,1,1,1,1,1,1,1,1,2,2,2,2,2,2,2,1,1,1,1,1,1,1,1,1,1,1,1,1,1,1,1,1,1,1,1,1,1,1,1,1,1,1,1,1,1,1,1,1,1,1,1,1,1,1,1,1,1,1,1,1,
1,1,1,1,1,1,1,1,1,1,1,1,1,1,1,1,1,1,1,1,1,1,1,1,1,1,1,1,1,1,1,1,1,1,1,1,1,1,1,1,1,1,1,1,1,1,1,1,2,2,2,2,2,2,2,1,1,1,1,1,1,1,1,1,1,1,1,1,1,1,1,1,1,1,1,1,1,1,1,1,1,1,1,1,1,1,1,1,1,1,1,1,1,1,1,1,1,1,1,1,
1,1,1,1,1,1,1,1,1,1,1,1,1,1,1,1,1,1,1,1,1,1,1,1,1,1,1,1,1,1,1,1,1,1,1,1,1,1,1,1,1,1,1,1,1,1,1,1,2,2,1,2,2,2,2,1,1,1,1,1,1,1,1,1,1,1,1,1,1,1,1,1,1,1,1,1,1,1,1,1,1,1,1,1,1,1,1,1,1,1,1,1,1,1,1,1,1,1,1,1,
1,1,1,1,1,1,1,1,1,1,1,1,2,2,2,1,1,1,1,1,1,1,1,1,1,1,1,1,1,1,1,1,1,1,1,1,1,1,1,1,1,1,1,1,1,1,1,1,1,1,1,1,1,1,1,1,1,1,1,1,1,1,1,1,1,1,1,1,1,1,1,1,1,1,1,1,1,1,1,1,1,1,1,1,1,1,1,1,1,1,1,1,1,1,1,1,1,1,1,1,
1,1,1,1,1,1,1,1,1,1,1,1,2,1,2,1,1,1,1,1,1,1,1,1,1,1,1,1,1,1,1,1,1,1,1,1,1,1,1,1,1,1,1,1,1,1,1,1,1,1,1,1,1,1,1,1,1,1,1,1,1,1,1,1,1,1,1,1,1,1,1,1,1,1,1,1,1,1,1,1,1,1,1,1,1,1,1,1,1,1,1,1,1,1,1,1,1,1,1,1,
1,1,1,1,1,1,1,1,1,1,1,1,1,1,1,1,1,1,1,1,1,1,1,1,1,1,1,1,1,1,1,1,1,1,1,1,1,1,1,1,1,1,1,1,1,1,1,1,1,1,1,1,1,1,1,1,1,1,1,1,1,1,1,1,1,1,1,1,1,1,1,1,1,1,1,1,1,1,1,1,1,1,1,1,1,1,1,1,1,1,1,1,1,1,1,1,1,1,1,1,
1,1,1,1,1,1,1,1,1,1,1,1,1,1,1,1,1,1,1,1,1,1,1,1,1,1,1,1,1,1,1,1,1,1,1,1,1,1,1,1,1,1,1,1,1,1,1,1,1,1,1,1,1,1,1,1,1,1,1,1,1,1,1,1,1,1,1,1,1,1,1,1,1,1,1,1,1,1,1,1,1,1,1,1,1,1,1,1,1,1,1,1,1,1,1,1,1,1,1,1,
1,1,1,1,1,1,1,1,1,1,1,1,1,1,1,1,1,1,1,1,1,1,1,1,1,1,1,1,1,1,1,1,1,1,1,1,1,1,1,1,1,1,1,1,1,1,1,1,1,1,1,1,1,1,1,1,1,1,1,1,1,1,1,1,1,1,1,1,1,1,1,1,1,1,1,1,1,1,1,1,1,1,1,1,1,1,1,1,1,1,1,1,1,1,1,1,1,1,1,1,
1,1,1,1,1,1,1,1,1,1,1,1,1,1,1,1,1,1,1,1,1,1,1,1,1,1,1,1,1,1,1,1,1,1,1,1,1,1,1,1,1,1,1,1,1,1,1,1,1,1,1,1,1,1,1,1,1,1,1,1,1,1,1,1,1,1,1,1,1,1,1,1,1,1,1,1,1,1,1,1,1,1,1,1,1,1,1,1,1,1,1,1,1,1,1,1,1,1,1,1,
1,1,1,1,1,1,1,1,1,1,1,1,1,1,1,1,1,1,1,1,1,1,1,1,1,1,1,1,1,1,1,1,1,1,1,1,1,1,1,1,1,1,1,1,1,1,1,1,1,1,1,1,1,1,1,1,1,1,1,1,1,1,1,1,1,1,1,1,1,1,1,1,1,1,1,1,1,1,1,1,1,1,1,1,1,1,1,1,1,1,1,1,1,1,1,1,1,1,1,1,
1,1,1,1,1,1,1,1,1,1,1,1,1,1,1,1,1,1,1,1,1,1,1,1,1,1,1,1,1,1,1,1,1,1,1,1,1,1,1,1,1,1,1,1,1,1,1,1,1,1,1,1,1,1,1,1,1,1,1,1,1,1,1,1,1,1,1,1,1,1,1,1,1,1,1,1,1,1,1,1,1,1,1,1,1,1,1,1,1,1,1,1,1,1,1,1,1,1,1,1,
1,1,1,1,1,1,1,1,1,1,1,1,1,1,1,1,1,1,1,1,1,1,1,1,1,1,1,1,1,1,1,1,1,1,1,1,1,1,1,1,1,1,1,1,1,1,1,1,1,1,1,1,1,1,1,1,1,1,1,1,1,1,1,1,1,1,1,1,1,1,1,1,1,1,1,1,1,1,1,1,1,1,1,1,1,1,1,1,1,1,1,1,1,1,1,1,1,1,1,1,
1,1,1,1,1,1,1,1,1,1,1,1,1,1,1,1,1,1,1,1,1,1,1,1,1,1,1,1,1,1,1,1,1,1,1,1,1,1,1,1,1,1,1,1,1,1,1,1,1,1,1,1,1,1,1,1,1,1,1,1,1,1,1,1,1,1,1,1,1,1,1,1,1,1,1,1,1,1,1,1,1,1,1,1,1,1,1,1,1,1,1,1,1,1,1,1,1,1,1,1,
1,1,1,1,1,1,1,1,1,1,1,1,1,1,1,1,1,1,1,1,1,1,1,1,1,1,1,1,1,1,1,1,1,1,1,1,1,1,1,1,1,1,1,1,1,1,1,1,1,1,1,1,1,1,1,1,1,1,1,1,1,1,1,1,1,1,1,1,1,1,1,1,1,1,1,1,1,1,1,1,1,1,1,1,1,1,1,1,1,1,1,1,1,1,1,1,1,1,1,1,
1,1,1,1,1,1,1,1,1,1,1,1,1,1,1,1,1,1,1,1,1,1,1,1,1,1,1,1,1,1,1,1,1,1,1,1,1,1,1,1,1,1,1,1,1,1,1,1,1,1,1,1,1,1,1,1,1,1,1,1,1,1,1,1,1,1,1,1,1,1,1,1,1,1,1,1,1,1,1,1,1,1,1,1,1,1,1,1,1,1,1,1,1,1,1,1,1,1,1,1,
1,1,1,1,1,1,1,1,1,1,1,1,1,1,1,1,1,1,1,1,1,1,1,1,1,1,1,1,1,1,1,1,1,1,1,1,1,1,1,1,1,1,1,1,1,1,1,1,1,1,1,1,1,1,1,1,1,1,1,1,1,1,1,1,1,1,1,1,1,1,1,1,1,1,1,1,1,1,1,1,1,1,1,1,1,1,1,1,1,1,1,1,1,1,1,1,1,1,1,1,
1,1,1,1,1,1,1,1,1,1,1,1,1,1,1,1,1,1,1,1,1,1,1,1,1,1,1,1,1,1,1,1,1,1,1,1,1,1,1,1,1,1,1,1,1,1,1,1,1,1,1,1,1,1,1,1,1,1,1,1,1,1,1,1,1,1,1,1,1,1,1,1,1,1,1,1,1,1,1,1,1,1,1,1,1,1,1,1,1,1,1,1,1,1,1,1,1,1,1,1,
1,1,1,1,1,1,1,1,1,1,1,1,1,1,1,1,1,1,1,1,1,1,1,1,1,1,1,1,1,1,1,1,1,1,1,1,1,1,1,1,1,1,1,1,1,1,1,1,1,1,1,1,1,1,1,1,1,1,1,1,1,1,1,1,1,1,1,1,1,1,1,1,1,1,1,1,1,1,1,1,1,1,1,1,1,1,1,1,1,1,1,1,1,1,1,1,1,1,1,1,
1,1,1,1,1,1,1,1,1,1,1,1,1,1,1,1,1,1,1,1,1,1,1,1,1,1,1,1,1,1,1,1,1,1,1,1,1,1,1,1,1,1,1,1,1,1,1,1,1,1,1,1,1,1,1,1,1,1,1,1,1,1,1,1,1,1,1,1,1,1,1,1,1,1,1,1,1,1,1,1,1,1,1,1,1,1,1,1,1,1,1,1,1,1,1,1,1,1,1,1,
1,1,1,1,1,1,1,1,1,1,1,1,1,1,1,1,1,1,1,1,1,1,1,1,1,1,1,1,1,1,1,1,1,1,1,1,1,1,1,1,1,1,1,1,1,1,1,1,1,1,1,1,1,1,1,1,1,1,1,1,1,1,1,1,1,1,1,1,1,1,1,1,1,1,1,1,1,1,1,1,1,1,1,1,1,1,1,1,1,1,1,1,1,1,1,1,1,1,1,1,
1,1,1,1,1,1,1,1,1,1,1,1,1,1,1,1,1,1,1,1,1,1,1,1,1,1,1,1,1,1,1,1,1,1,1,1,1,1,1,1,1,1,1,1,1,1,1,1,1,1,1,1,1,1,1,1,1,1,1,1,1,1,1,1,1,1,1,1,1,1,1,1,1,1,1,1,1,1,1,1,1,1,1,1,1,1,1,1,1,1,1,1,1,1,1,1,1,1,1,1,
1,1,1,1,1,1,1,1,1,1,1,1,1,1,1,1,1,1,1,1,1,1,1,1,1,1,1,1,1,1,1,1,1,1,1,1,1,1,1,1,1,1,1,1,1,1,1,1,1,1,1,1,1,1,1,1,1,1,1,1,1,1,1,1,1,1,1,1,1,1,1,1,1,1,1,1,1,1,1,1,1,1,1,1,1,1,1,1,1,1,1,1,1,1,1,1,1,1,1,1,
1,1,1,1,1,1,1,1,1,1,1,1,1,1,1,1,1,1,1,1,1,1,1,1,1,1,1,1,1,1,1,1,1,1,1,1,1,1,1,1,1,1,1,1,1,1,1,1,1,1,1,1,1,1,1,1,1,1,1,1,1,1,1,1,1,1,1,1,1,1,1,1,1,1,1,1,1,1,1,1,1,1,1,1,1,1,1,1,1,1,1,1,1,1,1,1,1,1,1,1,
1,1,1,1,1,1,1,1,1,1,1,1,1,1,1,1,1,1,1,1,1,1,1,1,1,1,1,1,1,1,1,1,1,1,1,1,1,1,1,1,1,1,1,1,1,1,1,1,1,1,1,1,1,1,1,1,1,1,1,1,1,1,1,1,1,1,1,1,1,1,1,1,1,1,1,1,1,1,1,1,1,1,1,1,1,1,1,1,1,1,1,1,1,1,1,1,1,1,1,1,
1,1,1,1,1,1,1,1,1,1,1,1,1,1,1,1,1,1,1,1,1,1,1,1,1,1,1,1,1,1,1,1,1,1,1,1,1,1,1,1,1,1,1,1,1,1,1,1,1,1,1,1,1,1,1,1,1,1,1,1,1,1,1,1,1,1,1,1,1,1,1,1,1,1,1,1,1,1,1,1,1,1,1,1,1,1,1,1,1,1,1,1,1,1,1,1,1,1,1,1,
1,1,1,1,1,1,1,1,1,1,1,1,1,1,1,1,1,1,1,1,1,1,1,1,1,1,1,1,1,1,1,1,1,1,1,1,1,1,1,1,1,1,1,1,1,1,1,1,1,1,1,1,1,1,1,1,1,1,1,1,1,1,1,1,1,1,1,1,1,1,1,1,1,1,1,1,1,1,1,1,1,1,1,1,1,1,1,1,1,1,1,1,1,1,1,1,1,1,1,1,
1,1,1,1,1,1,1,1,1,1,1,1,1,1,1,1,1,1,1,1,1,1,1,1,1,1,1,1,1,1,1,1,1,1,1,1,1,1,1,1,1,1,1,1,1,1,1,1,1,1,1,1,1,1,1,1,1,1,1,1,1,1,1,1,1,1,1,1,1,1,1,1,1,1,1,1,1,1,1,1,1,1,1,1,1,1,1,1,1,1,1,1,1,1,1,1,1,1,1,1,
1,1,1,1,1,1,1,1,1,1,1,1,1,1,1,1,1,1,1,1,1,1,1,1,1,1,1,1,1,1,1,1,1,1,1,1,1,1,1,1,1,1,1,1,1,1,1,1,1,1,1,1,1,1,1,1,1,1,1,1,1,1,1,1,1,1,1,1,1,1,1,1,1,1,1,1,1,1,1,1,1,1,1,1,1,1,1,1,1,1,1,1,1,1,1,1,1,1,1,1,
1,1,1,1,1,1,1,1,1,1,1,1,1,1,1,1,1,1,1,1,1,1,1,1,1,1,1,1,1,1,1,1,1,1,1,1,1,1,1,1,1,1,1,1,1,1,1,1,1,1,1,1,1,1,1,1,1,1,1,1,1,1,1,1,1,1,1,1,1,1,1,1,1,1,1,1,1,1,1,1,1,1,1,1,1,1,1,1,1,1,1,1,1,1,1,1,1,1,1,1,
1,1,1,1,1,1,1,1,1,1,1,1,1,1,1,1,1,1,1,1,1,1,1,1,1,1,1,1,1,1,1,1,1,1,1,1,1,1,1,1,1,1,1,1,1,1,1,1,1,1,1,1,1,1,1,1,1,1,1,1,1,1,1,1,1,1,1,1,1,1,1,1,1,1,1,1,1,1,1,1,1,1,1,1,1,1,1,1,1,1,1,1,1,1,1,1,1,1,1,1,
1,1,1,1,1,1,1,1,1,1,1,1,1,1,1,1,1,1,1,1,1,1,1,1,1,1,1,1,1,1,1,1,1,1,1,1,1,1,1,1,1,1,1,1,1,1,1,1,1,1,1,1,1,1,1,1,1,1,1,1,1,1,1,1,1,1,1,1,1,1,1,1,1,1,1,1,1,1,1,1,1,1,1,1,1,1,1,1,1,1,1,1,1,1,1,1,1,1,1,1,
1,1,1,1,1,1,1,1,1,1,1,1,1,1,1,1,1,1,1,1,1,1,1,1,1,1,1,1,1,1,1,1,1,1,1,1,1,1,1,1,1,1,1,1,1,1,1,1,1,1,1,1,1,1,1,1,1,1,1,1,1,1,1,1,1,1,1,1,1,1,1,1,1,1,1,1,1,1,1,1,1,1,1,1,1,1,1,1,1,1,1,1,1,1,1,1,1,1,1,1,
1,1,1,1,1,1,1,1,1,1,1,1,1,1,1,1,1,1,1,1,1,1,1,1,1,1,1,1,1,1,1,1,1,1,1,1,1,1,1,1,1,1,1,1,1,1,1,1,1,1,1,1,1,1,1,1,1,1,1,1,1,1,1,1,1,1,1,1,1,1,1,1,1,1,1,1,1,1,1,1,1,1,1,1,1,1,1,1,1,1,1,1,1,1,1,1,1,1,1,1
</data>
 </layer>
</map>
